182
183
184
185
186
187
188
189
190
191
192
193
194
195
196
197
198
199
200
201
202
203
204
205
206
207
208
209
910
911
912
913
914
915
916
917
918
919
920
921
922
923
924
925
926
927
928
929
930
931
932
933
934
935
936
937
938
939
940
941
942
943
944
945
946
947
948
949
950
951
952
953
954
955
956
957
958
959
960
961
962
963
964
965
966
967
968
969
970
971
972
973
974
975
976
977
978
979
980
981
982
983
984
985
986
987
988
989
990
991
992
993
994
995
996
997
998
999
1000
1001
1002
1003
1004
1005
1006
1007
1008
1009
1010
1011
1012
1013
1014
1015
1016
1017
1018
1118
1119
1120
1131
1132
1136
1137
1146
1147
1148
1149
1150
1151
1152
1154
1155
1156
1157
1158
1159
1160
1161
1162
1163
1183
1184
1185
1186
1187
1188
1189
1200
1201
1202
1203
1204
1205
1206
1207
1216
1217
1220
1221
1224
1225
1226
1227
1232
1233
1234
1235
1236
1237
1238
1239
1240
1241
1242
1243
1244
1245
1246
1247
1248
1249
1250
1251
1258
1269
1341
1362
1372
1396
1408
1426
1448
1449
1450
1451
1452
1453
1454
1455
1456
1457
1458
1459
1460
1461
1462
1463
1464
1465
1466
1467
1468
1469
1470
1471
1472
1473
1474
1475
1476
1477
1478
1479
1480
1481
1482
1483
1484
1485
1486
1487
1490
1491
1492
1493
1494
1495
1498
1499
1504
1505
1514
1519
1520
1528
1532
1534
1536
1683
1684
1685
1686
1687
1688
1689
1690
1691
1692
1693
1694
1695
1696
1697
1698
1699
1700
1701
1702
1703
1704
1705
1706
1707
1708
1709
1710
1711
1713
1714
1733
1734
1735
1736
1737
1738
1739
1740
1741
1742
1743
1744
1745
1746
1747
1748
1749
1750
1935
1936
1937
1938
2236
2237
2241
2263
2272
2273
2444
2445
2446
2447
2448
2449
2453
2454
2455
2459
2460
2461
2462
2463
2464
2519
2523
2527
2528
2532
2535
2536
2538
2539
2547
2549
2550
2551
2552
2553
2554
2555
2556
2557
2558
2569
2570
2571
2572
2573
2574
2575
2576
2578
2580
2582
2584
2587
2588
2589
2590
2591
2594
2595
2596
2597
2598
2599
2600
2601
2602
2603
2604
2605
2606
2607
2608
2609
2610
2611
2612
2613
2614
2615
2616
2618
2619
2620
2622
2623
2624
2625
2626
2627
2628
2629
2630
2631
2632
2633
2634
2635
2636
2637
2638
2639
2640
2641
2642
2643
2644
2645
2646
2647
2648
2649
2650
2651
2652
2653
2654
2655
2656
2657
2658
2659
2660
2661
2662
2663
2664
2665
2666
2667
2668
2669
2670
2671
2672
2673
2674
2675
2676
2677
2678
2679
2680
2681
2682
2683
2684
2685
2686
2687
2688
2689
2690
2691
2692
2693
2694
2695
2696
2697
2698
2699
2700
2701
2702
2703
2704
2705
2706
2707
2708
2709
2710
2711
2712
2713
2714
2715
2716
2717
2718
2719
2720
2721
2722
2723
2724
2725
2726
2727
2728
2729
2730
2731
2732
2733
2734
2735
2736
2737
2738
2739
2740
2741
2742
2743
2744
2745
2746
2747
2748
2749
2750
2751
2757
2758
2759
2760
2761
2762
2763
2764
2765
2766
2767
2773
2774
2775
2776
2777
2778
2779
2780
2781
2783
2784
2785
2786
2787
2788
2789
2790
2791
2792
2793
2794
2797
2798
2799
2800
2801
2802
2803
2804
2805
2806
2807
2808
2811
2812
2813
2814
2815
2818
2823
2824
2825
2828
2831
2832
2833
2834
2835
2836
2837
2838
2839
2840
2841
2842
2846
2847
2848
2849
2850
2851
2852
2853
2854
2855
2856
2857
2858
2859
2860
2861
